[gd_scene load_steps=18 format=3 uid="uid://c3am83y6ox1iw"]

[ext_resource type="Script" uid="uid://cpek6qnsms6xd" path="res://scripts/world.gd" id="1_mot7s"]
[ext_resource type="Material" uid="uid://dtd0wnwdssiif" path="res://materials/ground_colour.tres" id="2_4wyf3"]
[ext_resource type="Material" uid="uid://da4eontgchxa2" path="res://materials/wall.tres" id="3_4wyf3"]
[ext_resource type="Script" uid="uid://bgqh7k36dixjy" path="res://scripts/obstacles.gd" id="4_7r4gi"]
[ext_resource type="PackedScene" uid="uid://ctklq1esgqach" path="res://scenes/tree.tscn" id="5_71j4m"]
[ext_resource type="PackedScene" uid="uid://dmwv8dlpipsxb" path="res://scenes/PickableAntBase.tscn" id="6_i7141"]
[ext_resource type="PackedScene" uid="uid://eor7icnqpnig" path="res://scenes/PickableFoodSource.tscn" id="7_4mrxx"]
[ext_resource type="Script" uid="uid://bsa24v84vydkc" path="res://scripts/world_grid.gd" id="8_4mrxx"]

[sub_resource type="ProceduralSkyMaterial" id="ProceduralSkyMaterial_rwgxs"]
sky_top_color = Color(0.517647, 0.658824, 0.666667, 1)
sky_horizon_color = Color(0.618242, 0.691471, 0.767393, 1)
ground_bottom_color = Color(0.172549, 0.219608, 0.219608, 1)
ground_horizon_color = Color(0.618242, 0.691471, 0.767393, 1)

[sub_resource type="Sky" id="Sky_0xqbg"]
sky_material = SubResource("ProceduralSkyMaterial_rwgxs")

[sub_resource type="Environment" id="Environment_4wyf3"]
background_mode = 2
sky = SubResource("Sky_0xqbg")
tonemap_mode = 2
glow_enabled = true

[sub_resource type="BoxShape3D" id="BoxShape3D_k0juu"]
size = Vector3(40, 0.1, 40)

[sub_resource type="BoxMesh" id="BoxMesh_71j4m"]
material = ExtResource("2_4wyf3")
size = Vector3(40, 0.1, 40)

[sub_resource type="BoxMesh" id="BoxMesh_k0juu"]
size = Vector3(40, 1, 0.5)

[sub_resource type="BoxShape3D" id="BoxShape3D_71j4m"]
size = Vector3(40, 1, 0.5)

[sub_resource type="BoxMesh" id="BoxMesh_7r4gi"]
size = Vector3(0.5, 0.5, 0.5)

[sub_resource type="StandardMaterial3D" id="StandardMaterial3D_w7kh3"]
transparency = 1
albedo_color = Color(0.165, 0.30525, 0.66, 1)

[node name="root" type="Node3D"]
script = ExtResource("1_mot7s")
ant_base_scene = ExtResource("6_i7141")
food_source_scene = ExtResource("7_4mrxx")

[node name="WorldEnvironment" type="WorldEnvironment" parent="."]
environment = SubResource("Environment_4wyf3")

[node name="DirectionalLight3D" type="DirectionalLight3D" parent="."]
transform = Transform3D(-0.866024, -0.433016, 0.250001, 0, 0.499998, 0.866026, -0.500003, 0.749999, -0.43301, 0, 0, 0)
light_color = Color(1, 1, 0.898039, 1)

[node name="Camera3D" type="Camera3D" parent="."]
transform = Transform3D(1, 0, 0, 0, 0.174628, 0.984635, 0, -0.984635, 0.174628, -0.485766, 5.60498, 0.691789)

[node name="Ground" type="StaticBody3D" parent="."]
collision_layer = 256
collision_mask = 256

[node name="CollisionShape3D" type="CollisionShape3D" parent="Ground"]
shape = SubResource("BoxShape3D_k0juu")

[node name="MeshInstance3D" type="MeshInstance3D" parent="Ground/CollisionShape3D"]
mesh = SubResource("BoxMesh_71j4m")

[node name="Walls" type="Node3D" parent="."]

[node name="StaticBody3D" type="StaticBody3D" parent="Walls"]
transform = Transform3D(1, 0, 0, 0, 1, 0, 0, 0, 1, 0, 0, -20)

[node name="MeshInstance3D" type="MeshInstance3D" parent="Walls/StaticBody3D"]
material_override = ExtResource("3_4wyf3")
mesh = SubResource("BoxMesh_k0juu")
skeleton = NodePath("../..")

[node name="CollisionShape3D" type="CollisionShape3D" parent="Walls/StaticBody3D"]
shape = SubResource("BoxShape3D_71j4m")

[node name="StaticBody3D2" type="StaticBody3D" parent="Walls"]
transform = Transform3D(1, 0, 0, 0, 1, 0, 0, 0, 1, 0, 0, 20)

[node name="MeshInstance3D2" type="MeshInstance3D" parent="Walls/StaticBody3D2"]
material_override = ExtResource("3_4wyf3")
mesh = SubResource("BoxMesh_k0juu")
skeleton = NodePath("../..")

[node name="CollisionShape3D" type="CollisionShape3D" parent="Walls/StaticBody3D2"]
shape = SubResource("BoxShape3D_71j4m")

[node name="StaticBody3D3" type="StaticBody3D" parent="Walls"]
transform = Transform3D(-4.37114e-08, 0, 1, 0, 1, 0, -1, 0, -4.37114e-08, 20, 0, 0)

[node name="MeshInstance3D3" type="MeshInstance3D" parent="Walls/StaticBody3D3"]
material_override = ExtResource("3_4wyf3")
mesh = SubResource("BoxMesh_k0juu")
skeleton = NodePath("../..")

[node name="CollisionShape3D" type="CollisionShape3D" parent="Walls/StaticBody3D3"]
shape = SubResource("BoxShape3D_71j4m")

[node name="StaticBody3D4" type="StaticBody3D" parent="Walls"]
transform = Transform3D(-4.37114e-08, 0, 1, 0, 1, 0, -1, 0, -4.37114e-08, -20, 0, 0)

[node name="MeshInstance3D4" type="MeshInstance3D" parent="Walls/StaticBody3D4"]
material_override = ExtResource("3_4wyf3")
mesh = SubResource("BoxMesh_k0juu")
skeleton = NodePath("../..")

[node name="CollisionShape3D" type="CollisionShape3D" parent="Walls/StaticBody3D4"]
shape = SubResource("BoxShape3D_71j4m")

[node name="Obstacles" type="Node3D" parent="."]
script = ExtResource("4_7r4gi")

[node name="Tree" parent="Obstacles" instance=ExtResource("5_71j4m")]
transform = Transform3D(0.87462, 0, 0.48481, 0, 1, 0, -0.48481, 0, 0.87462, 2.5, 0, -5)

[node name="Tree2" parent="Obstacles" instance=ExtResource("5_71j4m")]
transform = Transform3D(0.927184, 0, -0.374607, 0, 1, 0, 0.374607, 0, 0.927184, -11.5, 0, -6.5)

[node name="Tree3" parent="Obstacles" instance=ExtResource("5_71j4m")]
transform = Transform3D(-0.997564, 0, -0.0697564, 0, 1, 0, 0.0697564, 0, -0.997564, -8, 0, 8.5)

[node name="Tree4" parent="Obstacles" instance=ExtResource("5_71j4m")]
transform = Transform3D(0.0784591, 0, -0.996917, 0, 1, 0, 0.996917, 0, 0.0784591, 5, 0, 5)

[node name="Tree5" parent="Obstacles" instance=ExtResource("5_71j4m")]
transform = Transform3D(0.997564, 0, -0.0697565, 0, 1, 0, 0.0697565, 0, 0.997564, -7, 0, -3.5)

[node name="Tree6" parent="Obstacles" instance=ExtResource("5_71j4m")]
transform = Transform3D(-0.743145, 0, 0.669131, 0, 1, 0, -0.669131, 0, -0.743145, 7, 0, 0)

[node name="Tree7" parent="Obstacles" instance=ExtResource("5_71j4m")]
transform = Transform3D(-0.669131, 0, 0.743145, 0, 1, 0, -0.743145, 0, -0.669131, 0, 0, 7)

[node name="Tree8" parent="Obstacles" instance=ExtResource("5_71j4m")]
transform = Transform3D(-0.788011, 0, 0.615661, 0, 1, 0, -0.615661, 0, -0.788011, -5, 0, 2)

[node name="Tree9" parent="Obstacles" instance=ExtResource("5_71j4m")]
transform = Transform3D(0.891007, 0, 0.453991, 0, 1, 0, -0.453991, 0, 0.891007, 0, 0, -12.5)

[node name="Tree10" parent="Obstacles" instance=ExtResource("5_71j4m")]
transform = Transform3D(0.913545, 0, 0.406737, 0, 1, 0, -0.406737, 0, 0.913545, 9, 0, -7)

[node name="Tree11" parent="Obstacles" instance=ExtResource("5_71j4m")]
transform = Transform3D(0.5, 0, -0.866025, 0, 1, 0, 0.866025, 0, 0.5, -4, 0, -9.5)

[node name="Tree12" parent="Obstacles" instance=ExtResource("5_71j4m")]
transform = Transform3D(-0.267238, 0, 0.96363, 0, 1, 0, -0.96363, 0, -0.267238, 13.5, 0, 2)

[node name="Tree13" parent="Obstacles" instance=ExtResource("5_71j4m")]
transform = Transform3D(0.97437, 0, 0.224951, 0, 1, 0, -0.224951, 0, 0.97437, -2, 0, 11.5)

[node name="Tree14" parent="Obstacles" instance=ExtResource("5_71j4m")]
transform = Transform3D(1, 0, 0, 0, 1, 0, 0, 0, 1, 1.5, 0, 1.5)

[node name="Tree15" parent="Obstacles" instance=ExtResource("5_71j4m")]
transform = Transform3D(1, 0, 0, 0, 1, 0, 0, 0, 1, 4.5, 0, 12.5)

[node name="Tree16" parent="Obstacles" instance=ExtResource("5_71j4m")]
transform = Transform3D(1, 0, 0, 0, 1, 0, 0, 0, 1, 6, 0, -12)

[node name="Tree17" parent="Obstacles" instance=ExtResource("5_71j4m")]
transform = Transform3D(1, 0, 0, 0, 1, 0, 0, 0, 1, -11.5, 0, 2.5)

[node name="Tree18" parent="Obstacles" instance=ExtResource("5_71j4m")]
transform = Transform3D(0.748956, 0, -0.66262, 0, 1, 0, 0.66262, 0, 0.748956, 9, 0, 6)

[node name="WorldGrid" type="Node3D" parent="."]
script = ExtResource("8_4mrxx")
debug_mesh = SubResource("BoxMesh_7r4gi")
debug_material = SubResource("StandardMaterial3D_w7kh3")
