[gd_scene load_steps=23 format=3 uid="uid://dw7f1yfv67ywx"]

[ext_resource type="PackedScene" uid="uid://bdwmserhqai5h" path="res://addons/godot-xr-tools/hands/scenes/lowpoly/left_physics_hand_low.tscn" id="2_2o0w2"]
[ext_resource type="PackedScene" uid="uid://bl2nuu3qhlb5k" path="res://addons/godot-xr-tools/functions/movement_direct.tscn" id="3_3nymp"]
[ext_resource type="PackedScene" uid="uid://b4ysuy43poobf" path="res://addons/godot-xr-tools/functions/function_pickup.tscn" id="4_hrrq6"]
[ext_resource type="PackedScene" uid="uid://b6bk2pj8vbj28" path="res://addons/godot-xr-tools/functions/movement_turn.tscn" id="5_2wrea"]
[ext_resource type="PackedScene" uid="uid://btf05hjpw6k05" path="res://addons/godot-xr-tools/hands/scenes/lowpoly/right_physics_hand_low.tscn" id="6_mhr5g"]
[ext_resource type="PackedScene" uid="uid://bwr0eqi231lf0" path="res://control_pad/control_pad_location_left.tscn" id="6_qhc2v"]
[ext_resource type="PackedScene" uid="uid://diyu06cw06syv" path="res://addons/godot-xr-tools/player/player_body.tscn" id="6_usf4a"]
[ext_resource type="PackedScene" uid="uid://bft3xyxs31ci3" path="res://addons/godot-xr-tools/functions/function_pose_detector.tscn" id="7_7y2es"]
[ext_resource type="PackedScene" uid="uid://deyk5frilshws" path="res://control_pad/control_pad_location_right.tscn" id="9_6mjwy"]
[ext_resource type="PackedScene" uid="uid://ct3p5sgwvkmva" path="res://control_pad/control_pad.tscn" id="10_hqpcp"]

[sub_resource type="AnimationNodeAnimation" id="AnimationNodeAnimation_08txw"]
animation = &"Grip"

[sub_resource type="AnimationNodeAnimation" id="AnimationNodeAnimation_p2xq3"]
animation = &"Grip"

[sub_resource type="AnimationNodeBlend2" id="AnimationNodeBlend2_p1jkh"]
filter_enabled = true
filters = ["Armature/Skeleton3D:Little_Distal_L", "Armature/Skeleton3D:Little_Intermediate_L", "Armature/Skeleton3D:Little_Metacarpal_L", "Armature/Skeleton3D:Little_Proximal_L", "Armature/Skeleton3D:Middle_Distal_L", "Armature/Skeleton3D:Middle_Intermediate_L", "Armature/Skeleton3D:Middle_Metacarpal_L", "Armature/Skeleton3D:Middle_Proximal_L", "Armature/Skeleton3D:Ring_Distal_L", "Armature/Skeleton3D:Ring_Intermediate_L", "Armature/Skeleton3D:Ring_Metacarpal_L", "Armature/Skeleton3D:Ring_Proximal_L", "Armature/Skeleton3D:Thumb_Distal_L", "Armature/Skeleton3D:Thumb_Metacarpal_L", "Armature/Skeleton3D:Thumb_Proximal_L", "Armature/Skeleton:Little_Distal_L", "Armature/Skeleton:Little_Intermediate_L", "Armature/Skeleton:Little_Proximal_L", "Armature/Skeleton:Middle_Distal_L", "Armature/Skeleton:Middle_Intermediate_L", "Armature/Skeleton:Middle_Proximal_L", "Armature/Skeleton:Ring_Distal_L", "Armature/Skeleton:Ring_Intermediate_L", "Armature/Skeleton:Ring_Proximal_L", "Armature/Skeleton:Thumb_Distal_L", "Armature/Skeleton:Thumb_Proximal_L"]

[sub_resource type="AnimationNodeAnimation" id="AnimationNodeAnimation_5bx36"]
animation = &"Grip"

[sub_resource type="AnimationNodeBlend2" id="AnimationNodeBlend2_mnt46"]
filter_enabled = true
filters = ["Armature/Skeleton3D:Index_Distal_L", "Armature/Skeleton3D:Index_Intermediate_L", "Armature/Skeleton3D:Index_Metacarpal_L", "Armature/Skeleton3D:Index_Proximal_L", "Armature/Skeleton:Index_Distal_L", "Armature/Skeleton:Index_Intermediate_L", "Armature/Skeleton:Index_Proximal_L"]

[sub_resource type="AnimationNodeBlendTree" id="AnimationNodeBlendTree_tjnvh"]
graph_offset = Vector2(-536, 11)
nodes/ClosedHand1/node = SubResource("AnimationNodeAnimation_08txw")
nodes/ClosedHand1/position = Vector2(-600, 300)
nodes/ClosedHand2/node = SubResource("AnimationNodeAnimation_p2xq3")
nodes/ClosedHand2/position = Vector2(-360, 300)
nodes/Grip/node = SubResource("AnimationNodeBlend2_p1jkh")
nodes/Grip/position = Vector2(0, 20)
nodes/OpenHand/node = SubResource("AnimationNodeAnimation_5bx36")
nodes/OpenHand/position = Vector2(-600, 100)
nodes/Trigger/node = SubResource("AnimationNodeBlend2_mnt46")
nodes/Trigger/position = Vector2(-360, 20)
node_connections = [&"Grip", 0, &"Trigger", &"Grip", 1, &"ClosedHand2", &"Trigger", 0, &"OpenHand", &"Trigger", 1, &"ClosedHand1", &"output", 0, &"Grip"]

[sub_resource type="AnimationNodeAnimation" id="AnimationNodeAnimation_xjh6i"]
animation = &"Grip"

[sub_resource type="AnimationNodeAnimation" id="AnimationNodeAnimation_dkllj"]
animation = &"Grip"

[sub_resource type="AnimationNodeBlend2" id="AnimationNodeBlend2_ywpth"]
filter_enabled = true
filters = ["Armature/Skeleton3D:Little_Distal_R", "Armature/Skeleton3D:Little_Intermediate_R", "Armature/Skeleton3D:Little_Metacarpal_R", "Armature/Skeleton3D:Little_Proximal_R", "Armature/Skeleton3D:Middle_Distal_R", "Armature/Skeleton3D:Middle_Intermediate_R", "Armature/Skeleton3D:Middle_Metacarpal_R", "Armature/Skeleton3D:Middle_Proximal_R", "Armature/Skeleton3D:Ring_Distal_R", "Armature/Skeleton3D:Ring_Intermediate_R", "Armature/Skeleton3D:Ring_Metacarpal_R", "Armature/Skeleton3D:Ring_Proximal_R", "Armature/Skeleton3D:Thumb_Distal_R", "Armature/Skeleton3D:Thumb_Metacarpal_R", "Armature/Skeleton3D:Thumb_Proximal_R", "Armature/Skeleton:Little_Distal_R", "Armature/Skeleton:Little_Intermediate_R", "Armature/Skeleton:Little_Proximal_R", "Armature/Skeleton:Middle_Distal_R", "Armature/Skeleton:Middle_Intermediate_R", "Armature/Skeleton:Middle_Proximal_R", "Armature/Skeleton:Ring_Distal_R", "Armature/Skeleton:Ring_Intermediate_R", "Armature/Skeleton:Ring_Proximal_R", "Armature/Skeleton:Thumb_Distal_R", "Armature/Skeleton:Thumb_Proximal_R"]

[sub_resource type="AnimationNodeAnimation" id="AnimationNodeAnimation_88bg8"]
animation = &"Grip"

[sub_resource type="AnimationNodeBlend2" id="AnimationNodeBlend2_622so"]
filter_enabled = true
filters = ["Armature/Skeleton3D:Index_Distal_R", "Armature/Skeleton3D:Index_Intermediate_R", "Armature/Skeleton3D:Index_Metacarpal_R", "Armature/Skeleton3D:Index_Proximal_R", "Armature/Skeleton:Index_Distal_R", "Armature/Skeleton:Index_Intermediate_R", "Armature/Skeleton:Index_Proximal_R"]

[sub_resource type="AnimationNodeBlendTree" id="AnimationNodeBlendTree_7mgtn"]
graph_offset = Vector2(-552.664, 107.301)
nodes/ClosedHand1/node = SubResource("AnimationNodeAnimation_xjh6i")
nodes/ClosedHand1/position = Vector2(-600, 300)
nodes/ClosedHand2/node = SubResource("AnimationNodeAnimation_dkllj")
nodes/ClosedHand2/position = Vector2(-360, 300)
nodes/Grip/node = SubResource("AnimationNodeBlend2_ywpth")
nodes/Grip/position = Vector2(0, 40)
nodes/OpenHand/node = SubResource("AnimationNodeAnimation_88bg8")
nodes/OpenHand/position = Vector2(-600, 100)
nodes/Trigger/node = SubResource("AnimationNodeBlend2_622so")
nodes/Trigger/position = Vector2(-360, 40)
node_connections = [&"Grip", 0, &"Trigger", &"Grip", 1, &"ClosedHand2", &"Trigger", 0, &"OpenHand", &"Trigger", 1, &"ClosedHand1", &"output", 0, &"Grip"]

[node name="XROrigin3D" type="XROrigin3D"]

[node name="XRCamera3D" type="XRCamera3D" parent="."]

[node name="PlayerBody" parent="." instance=ExtResource("6_usf4a")]
collision_mask = 256
push_rigid_bodies = false

[node name="LeftHand" type="XRController3D" parent="."]
transform = Transform3D(1, 0, 0, 0, 1, 0, 0, 0, 1, -0.5, 1, -0.5)
tracker = &"left_hand"
pose = &"aim"

[node name="LeftPhysicsHand" parent="LeftHand" instance=ExtResource("2_2o0w2")]

[node name="Skeleton3D" parent="LeftHand/LeftPhysicsHand/Hand_Nails_low_L/Armature" index="0"]
bones/1/rotation = Quaternion(0.32956, 0.254928, -0.152025, 0.896265)
bones/2/rotation = Quaternion(-0.30361, 0.0624641, -0.228709, 0.922828)
bones/3/rotation = Quaternion(-0.421075, -0.118121, -0.243319, 0.865759)
bones/5/rotation = Quaternion(-0.00128455, -0.0116081, -0.0168259, 0.99979)
bones/6/rotation = Quaternion(0.0242011, -0.0461708, -0.651623, 0.75675)
bones/7/rotation = Quaternion(-0.00239543, -0.0200502, -0.657488, 0.753195)
bones/8/rotation = Quaternion(-0.036982, 0.0345813, -0.793887, 0.605953)
bones/10/rotation = Quaternion(-0.0357539, -0.000400032, 0.00636764, 0.99934)
bones/11/rotation = Quaternion(0.0446714, -0.0112726, -0.686928, 0.725263)
bones/12/rotation = Quaternion(0.0287197, -0.0181742, -0.648451, 0.760497)
bones/13/rotation = Quaternion(-0.0133032, -0.0311325, -0.815733, 0.577437)
bones/15/rotation = Quaternion(-0.0702656, 0.0101908, -0.0243307, 0.99718)
bones/16/rotation = Quaternion(0.0821441, -0.00478953, -0.610545, 0.787696)
bones/17/rotation = Quaternion(0.0564624, -0.0469407, -0.622987, 0.778778)
bones/18/rotation = Quaternion(0.0812405, -0.0224689, -0.834617, 0.544344)
bones/20/rotation = Quaternion(-0.0917369, 0.0203027, -0.010183, 0.995524)
bones/21/rotation = Quaternion(0.103134, -0.0272517, -0.608737, 0.786168)
bones/22/rotation = Quaternion(0.0985432, -0.0515229, -0.65627, 0.746287)
bones/23/rotation = Quaternion(0.126804, -0.053291, -0.791773, 0.595128)

[node name="BoneRoot" parent="LeftHand/LeftPhysicsHand/Hand_Nails_low_L/Armature/Skeleton3D" index="1"]
transform = Transform3D(1, -1.83077e-05, 1.5264e-08, 1.52677e-08, 0.00166774, 0.999999, -1.83077e-05, -0.999999, 0.00166774, 3.86425e-08, -1.86975e-05, 0.0271756)

[node name="BoneThumbMetacarpal" parent="LeftHand/LeftPhysicsHand/Hand_Nails_low_L/Armature/Skeleton3D" index="2"]
transform = Transform3D(0.823802, 0.440523, 0.356775, -0.557342, 0.514462, 0.651689, 0.103537, -0.735709, 0.669337, 0.00999954, 0.0200266, 3.59323e-05)

[node name="BoneThumbProximal" parent="LeftHand/LeftPhysicsHand/Hand_Nails_low_L/Armature/Skeleton3D" index="3"]
transform = Transform3D(0.536946, 0.419603, 0.731862, -0.71599, -0.232129, 0.658388, 0.446148, -0.877524, 0.175791, 0.0297863, 0.0431344, -0.0330095)

[node name="BoneThumbDistal" parent="LeftHand/LeftPhysicsHand/Hand_Nails_low_L/Armature/Skeleton3D" index="4"]
transform = Transform3D(0.622994, 0.00922787, 0.782172, -0.266953, -0.93739, 0.223685, 0.735265, -0.348157, -0.581525, 0.0474717, 0.0333507, -0.0699953)

[node name="BoneIndexMetacarpal" parent="LeftHand/LeftPhysicsHand/Hand_Nails_low_L/Armature/Skeleton3D" index="5"]
transform = Transform3D(0.999165, 0.0336562, -0.0231681, 0.0231985, -0.00051113, 0.999731, 0.0336353, -0.999433, -0.00129147, -0.0100005, 0.0224317, 3.59286e-05)

[node name="BoneIndexProximal" parent="LeftHand/LeftPhysicsHand/Hand_Nails_low_L/Armature/Skeleton3D" index="6"]
transform = Transform3D(0.112233, 0.985967, -0.123585, 0.0422332, 0.119525, 0.991932, 0.992784, -0.116547, -0.0282259, -0.00729559, 0.0223907, -0.0802861)

[node name="BoneIndexMiddle" parent="LeftHand/LeftPhysicsHand/Hand_Nails_low_L/Armature/Skeleton3D" index="7"]
transform = Transform3D(-0.965453, 0.241866, -0.0969668, -0.0796004, 0.0805914, 0.993564, 0.248124, 0.966957, -0.0585545, 0.0302859, 0.0269465, -0.0847284)

[node name="BoneIndexDistal" parent="LeftHand/LeftPhysicsHand/Hand_Nails_low_L/Armature/Skeleton3D" index="8"]
transform = Transform3D(0.0188708, -0.98041, -0.196062, -0.0401155, -0.196681, 0.979646, -0.999017, -0.0106216, -0.0430412, 0.0378673, 0.0294727, -0.0544185)

[node name="BoneMiddleMetacarpal" parent="LeftHand/LeftPhysicsHand/Hand_Nails_low_L/Armature/Skeleton3D" index="9"]
transform = Transform3D(0.999918, -0.0127165, -0.00125617, 0.000365489, -0.0698022, 0.997561, -0.0127732, -0.99748, -0.0697919, -0.0100005, 0.00355416, 3.59286e-05)

[node name="BoneMiddleProximal" parent="LeftHand/LeftPhysicsHand/Hand_Nails_low_L/Armature/Skeleton3D" index="10"]
transform = Transform3D(0.0687403, 0.994554, -0.0783407, 0.0247312, 0.0768035, 0.996739, 0.997328, -0.0704537, -0.0193171, -0.0110237, -0.00206236, -0.0802245)

[node name="BoneMiddleMiddle" parent="LeftHand/LeftPhysicsHand/Hand_Nails_low_L/Armature/Skeleton3D" index="11"]
transform = Transform3D(-0.970319, 0.218973, -0.102623, -0.0814867, 0.103486, 0.991287, 0.227685, 0.970227, -0.0825716, 0.0337346, 0.00139406, -0.0833952)

[node name="BoneMiddleDistal" parent="LeftHand/LeftPhysicsHand/Hand_Nails_low_L/Armature/Skeleton3D" index="12"]
transform = Transform3D(0.110879, -0.99107, -0.0740741, -0.0131331, -0.0759883, 0.997022, -0.993747, -0.109576, -0.0214414, 0.0408329, 0.00474875, -0.0519436)

[node name="BoneRingMetacarpal" parent="LeftHand/LeftPhysicsHand/Hand_Nails_low_L/Armature/Skeleton3D" index="13"]
transform = Transform3D(0.998609, 0.047074, 0.0237409, -0.0169882, -0.138981, 0.990149, 0.0499098, -0.989175, -0.137988, -0.0100005, -0.0130734, 3.59304e-05)

[node name="BoneRingProximal" parent="LeftHand/LeftPhysicsHand/Hand_Nails_low_L/Armature/Skeleton3D" index="14"]
transform = Transform3D(0.206553, 0.974278, -0.0900978, 0.0376196, 0.0841075, 0.995746, 0.977712, -0.209064, -0.0192792, -0.00651963, -0.0233502, -0.0731075)

[node name="BoneRingMiddle" parent="LeftHand/LeftPhysicsHand/Hand_Nails_low_L/Armature/Skeleton3D" index="15"]
transform = Transform3D(-0.905481, 0.397945, -0.147458, -0.0710555, 0.200397, 0.977135, 0.418396, 0.895254, -0.153179, 0.0325793, -0.0199749, -0.0814975)

[node name="BoneRingDistal" parent="LeftHand/LeftPhysicsHand/Hand_Nails_low_L/Armature/Skeleton3D" index="16"]
transform = Transform3D(0.0102718, -0.999733, -0.0206926, -0.263417, -0.0226681, 0.964416, -0.964627, -0.00445545, -0.263579, 0.0436412, -0.0144044, -0.0566116)

[node name="BonePinkyMetacarpal" parent="LeftHand/LeftPhysicsHand/Hand_Nails_low_L/Armature/Skeleton3D" index="17"]
transform = Transform3D(0.998969, 0.0165318, 0.0422887, -0.0385953, -0.181426, 0.982647, 0.0239172, -0.983265, -0.180601, -4.58211e-07, -0.0299734, 3.59304e-05)

[node name="BonePinkyProximal" parent="LeftHand/LeftPhysicsHand/Hand_Nails_low_L/Armature/Skeleton3D" index="18"]
transform = Transform3D(0.237713, 0.962725, -0.129045, 0.0834567, 0.112118, 0.990184, 0.967743, -0.246149, -0.0536938, 0.00108587, -0.0418952, -0.0645756)

[node name="BonePinkyMiddle" parent="LeftHand/LeftPhysicsHand/Hand_Nails_low_L/Armature/Skeleton3D" index="19"]
transform = Transform3D(-0.914338, 0.317482, -0.251376, -0.151761, 0.306867, 0.939575, 0.375437, 0.897239, -0.232398, 0.0329747, -0.0381814, -0.0727289)

[node name="BonePinkyDistal" parent="LeftHand/LeftPhysicsHand/Hand_Nails_low_L/Armature/Skeleton3D" index="20"]
transform = Transform3D(-0.0316987, -0.999268, -0.0213939, -0.383031, -0.00762551, 0.923704, -0.923191, 0.0374746, -0.382509, 0.0386971, -0.0326503, -0.0565568)

[node name="AnimationTree" parent="LeftHand/LeftPhysicsHand" index="1"]
root_node = NodePath("../Hand_Nails_low_L")
tree_root = SubResource("AnimationNodeBlendTree_tjnvh")

[node name="FunctionPoseDetector" parent="LeftHand" instance=ExtResource("7_7y2es")]

[node name="MovementDirect" parent="LeftHand" instance=ExtResource("3_3nymp")]
strafe = true

[node name="FunctionPickup" parent="LeftHand" instance=ExtResource("4_hrrq6")]
ranged_enable = false

[node name="ControlPadLocationLeft" parent="LeftHand" instance=ExtResource("6_qhc2v")]

[node name="RightHand" type="XRController3D" parent="."]
transform = Transform3D(1, 0, 0, 0, 1, 0, 0, 0, 1, 0.5, 1, -0.5)
tracker = &"right_hand"
pose = &"aim"

[node name="RightPhysicsHand" parent="RightHand" instance=ExtResource("6_mhr5g")]

[node name="Skeleton3D" parent="RightHand/RightPhysicsHand/Hand_Nails_low_R/Armature" index="0"]
bones/1/rotation = Quaternion(0.32956, -0.254928, 0.152025, 0.896265)
bones/2/rotation = Quaternion(-0.30361, -0.0624641, 0.228709, 0.922828)
bones/3/rotation = Quaternion(-0.421075, 0.118121, 0.243319, 0.865759)
bones/5/rotation = Quaternion(-0.00128455, 0.0116081, 0.0168259, 0.99979)
bones/6/rotation = Quaternion(0.0242011, 0.0461708, 0.651623, 0.75675)
bones/7/rotation = Quaternion(-0.00239544, 0.0200502, 0.657488, 0.753195)
bones/8/rotation = Quaternion(-0.036982, -0.0345813, 0.793887, 0.605953)
bones/10/rotation = Quaternion(-0.0357539, 0.000400032, -0.00636763, 0.99934)
bones/11/rotation = Quaternion(0.0446714, 0.0112726, 0.686928, 0.725263)
bones/12/rotation = Quaternion(0.0287197, 0.0181742, 0.648451, 0.760497)
bones/13/rotation = Quaternion(-0.0133032, 0.0311325, 0.815733, 0.577437)
bones/15/rotation = Quaternion(-0.0702656, -0.0101908, 0.0243307, 0.99718)
bones/16/rotation = Quaternion(0.0821441, 0.00478955, 0.610545, 0.787696)
bones/17/rotation = Quaternion(0.0564624, 0.0469407, 0.622987, 0.778779)
bones/18/rotation = Quaternion(0.0812405, 0.0224689, 0.834617, 0.544344)
bones/20/rotation = Quaternion(-0.0917369, -0.0203027, 0.010183, 0.995524)
bones/21/rotation = Quaternion(0.103134, 0.0272517, 0.608737, 0.786168)
bones/22/rotation = Quaternion(0.0985432, 0.0515229, 0.65627, 0.746287)
bones/23/rotation = Quaternion(0.126804, 0.0532911, 0.791773, 0.595128)

[node name="BoneRoot" parent="RightHand/RightPhysicsHand/Hand_Nails_low_R/Armature/Skeleton3D" index="1"]
transform = Transform3D(1, 1.83077e-05, -1.5264e-08, -1.52677e-08, 0.00166774, 0.999999, 1.83077e-05, -0.999999, 0.00166774, -3.86425e-08, -1.86975e-05, 0.0271756)

[node name="BoneThumbMetacarpal" parent="RightHand/RightPhysicsHand/Hand_Nails_low_R/Armature/Skeleton3D" index="2"]
transform = Transform3D(0.823802, -0.440523, -0.356775, 0.557342, 0.514462, 0.651689, -0.103537, -0.735709, 0.669337, -0.00999954, 0.0200266, 3.59323e-05)

[node name="BoneThumbProximal" parent="RightHand/RightPhysicsHand/Hand_Nails_low_R/Armature/Skeleton3D" index="3"]
transform = Transform3D(0.536945, -0.419603, -0.731863, 0.71599, -0.232129, 0.658388, -0.446148, -0.877524, 0.175791, -0.0297863, 0.0431344, -0.0330095)

[node name="BoneThumbDistal" parent="RightHand/RightPhysicsHand/Hand_Nails_low_R/Armature/Skeleton3D" index="4"]
transform = Transform3D(0.622994, -0.00922757, -0.782172, 0.266953, -0.937391, 0.223684, -0.735265, -0.348157, -0.581526, -0.0474717, 0.0333507, -0.0699953)

[node name="BoneIndexMetacarpal" parent="RightHand/RightPhysicsHand/Hand_Nails_low_R/Armature/Skeleton3D" index="5"]
transform = Transform3D(0.999165, -0.0336562, 0.0231681, -0.0231985, -0.00051113, 0.999731, -0.0336353, -0.999433, -0.00129147, 0.0100005, 0.0224317, 3.59286e-05)

[node name="BoneIndexProximal" parent="RightHand/RightPhysicsHand/Hand_Nails_low_R/Armature/Skeleton3D" index="6"]
transform = Transform3D(0.112233, -0.985967, 0.123585, -0.0422333, 0.119525, 0.991932, -0.992784, -0.116547, -0.0282259, 0.00729559, 0.0223907, -0.0802861)

[node name="BoneIndexMiddle" parent="RightHand/RightPhysicsHand/Hand_Nails_low_R/Armature/Skeleton3D" index="7"]
transform = Transform3D(-0.965453, -0.241866, 0.0969668, 0.0796004, 0.0805914, 0.993564, -0.248124, 0.966957, -0.0585545, -0.0302859, 0.0269465, -0.0847284)

[node name="BoneIndexDistal" parent="RightHand/RightPhysicsHand/Hand_Nails_low_R/Armature/Skeleton3D" index="8"]
transform = Transform3D(0.0188708, 0.98041, 0.196062, 0.0401156, -0.196681, 0.979646, 0.999017, -0.0106216, -0.0430412, -0.0378673, 0.0294727, -0.0544185)

[node name="BoneMiddleMetacarpal" parent="RightHand/RightPhysicsHand/Hand_Nails_low_R/Armature/Skeleton3D" index="9"]
transform = Transform3D(0.999918, 0.0127165, 0.00125617, -0.000365489, -0.0698022, 0.997561, 0.0127732, -0.99748, -0.0697919, 0.0100005, 0.00355416, 3.59286e-05)

[node name="BoneMiddleProximal" parent="RightHand/RightPhysicsHand/Hand_Nails_low_R/Armature/Skeleton3D" index="10"]
transform = Transform3D(0.0687403, -0.994554, 0.0783407, -0.0247312, 0.0768035, 0.996739, -0.997328, -0.0704537, -0.0193171, 0.0110237, -0.00206236, -0.0802245)

[node name="BoneMiddleMiddle" parent="RightHand/RightPhysicsHand/Hand_Nails_low_R/Armature/Skeleton3D" index="11"]
transform = Transform3D(-0.970319, -0.218972, 0.102623, 0.0814867, 0.103486, 0.991287, -0.227685, 0.970227, -0.0825716, -0.0337346, 0.00139406, -0.0833952)

[node name="BoneMiddleDistal" parent="RightHand/RightPhysicsHand/Hand_Nails_low_R/Armature/Skeleton3D" index="12"]
transform = Transform3D(0.110879, 0.99107, 0.0740741, 0.0131332, -0.0759883, 0.997022, 0.993747, -0.109576, -0.0214414, -0.0408329, 0.00474875, -0.0519436)

[node name="BoneRingMetacarpal" parent="RightHand/RightPhysicsHand/Hand_Nails_low_R/Armature/Skeleton3D" index="13"]
transform = Transform3D(0.998609, -0.047074, -0.0237409, 0.0169882, -0.138981, 0.990149, -0.0499098, -0.989175, -0.137988, 0.0100005, -0.0130734, 3.59304e-05)

[node name="BoneRingProximal" parent="RightHand/RightPhysicsHand/Hand_Nails_low_R/Armature/Skeleton3D" index="14"]
transform = Transform3D(0.206554, -0.974278, 0.0900978, -0.0376196, 0.0841075, 0.995746, -0.977712, -0.209064, -0.0192792, 0.00651963, -0.0233502, -0.0731075)

[node name="BoneRingMiddle" parent="RightHand/RightPhysicsHand/Hand_Nails_low_R/Armature/Skeleton3D" index="15"]
transform = Transform3D(-0.905481, -0.397946, 0.147458, 0.0710555, 0.200397, 0.977135, -0.418397, 0.895254, -0.153179, -0.0325793, -0.0199749, -0.0814975)

[node name="BoneRingDistal" parent="RightHand/RightPhysicsHand/Hand_Nails_low_R/Armature/Skeleton3D" index="16"]
transform = Transform3D(0.0102712, 0.999733, 0.0206928, 0.263417, -0.0226681, 0.964416, 0.964627, -0.00445478, -0.263579, -0.0436413, -0.0144044, -0.0566116)

[node name="BonePinkyMetacarpal" parent="RightHand/RightPhysicsHand/Hand_Nails_low_R/Armature/Skeleton3D" index="17"]
transform = Transform3D(0.998969, -0.0165318, -0.0422887, 0.0385953, -0.181426, 0.982647, -0.0239172, -0.983265, -0.180601, 4.58211e-07, -0.0299734, 3.59304e-05)

[node name="BonePinkyProximal" parent="RightHand/RightPhysicsHand/Hand_Nails_low_R/Armature/Skeleton3D" index="18"]
transform = Transform3D(0.237713, -0.962725, 0.129045, -0.0834566, 0.112118, 0.990184, -0.967743, -0.246149, -0.0536938, -0.00108587, -0.0418952, -0.0645756)

[node name="BonePinkyMiddle" parent="RightHand/RightPhysicsHand/Hand_Nails_low_R/Armature/Skeleton3D" index="19"]
transform = Transform3D(-0.914339, -0.317482, 0.251375, 0.151762, 0.306867, 0.939575, -0.375437, 0.897239, -0.232398, -0.0329747, -0.0381814, -0.0727289)

[node name="BonePinkyDistal" parent="RightHand/RightPhysicsHand/Hand_Nails_low_R/Armature/Skeleton3D" index="20"]
transform = Transform3D(-0.0316985, 0.999268, 0.0213937, 0.383031, -0.00762546, 0.923704, 0.923191, 0.0374744, -0.382509, -0.0386972, -0.0326503, -0.0565568)

[node name="AnimationTree" parent="RightHand/RightPhysicsHand" index="1"]
root_node = NodePath("../Hand_Nails_low_R")
tree_root = SubResource("AnimationNodeBlendTree_7mgtn")

[node name="FunctionPoseDetector" parent="RightHand" instance=ExtResource("7_7y2es")]

[node name="MovementDirect" parent="RightHand" instance=ExtResource("3_3nymp")]

[node name="MovementTurn" parent="RightHand" instance=ExtResource("5_2wrea")]

[node name="FunctionPickup" parent="RightHand" instance=ExtResource("4_hrrq6")]
ranged_enable = false

[node name="ControlPadLocationRight" parent="RightHand" instance=ExtResource("9_6mjwy")]

[node name="ControlPad" parent="." instance=ExtResource("10_hqpcp")]

[editable path="LeftHand/LeftPhysicsHand"]
[editable path="LeftHand/LeftPhysicsHand/Hand_Nails_low_L"]
[editable path="RightHand/RightPhysicsHand"]
[editable path="RightHand/RightPhysicsHand/Hand_Nails_low_R"]
